<USER_REQUEST>
eplace the exiting logo for the realive with this svg

<?xml version="1.0" encoding="UTF-8"?>
<svg version="1.1" xmlns="http://www.w3.org/2000/svg" width="2730" height="1536">
<path d="M0 0 C900.9 0 1801.8 0 2730 0 C2730 506.88 2730 1013.76 2730 1536 C1829.1 1536 928.2 1536 0 1536 C0 1029.12 0 522.24 0 0 Z " fill="#E6E6E5" transform="translate(0,0)"/>
<path d="M0 0 C18.15 0 36.3 0 55 0 C55 18.15 55 36.3 55 55 C59.23252617 52.88373691 60.05726773 51.80925166 62.5625 48 C73.58824623 32.45450853 91.00065904 22.06061466 108 14 C108.66 14 109.32 14 110 14 C110 9.38 110 4.76 110 0 C118.75468394 -0.06819379 127.50918704 -0.12305454 136.26407814 -0.15543652 C140.33077611 -0.17099025 144.39728055 -0.19203636 148.46386719 -0.22631836 C152.39965042 -0.25928419 156.33524932 -0.27693004 160.27116013 -0.28463173 C161.76122305 -0.29010934 163.25127766 -0.30080222 164.74126053 -0.31719017 C185.73851557 -0.53862383 202.16697502 5.52841193 220 16 C220 10.72 220 5.44 220 0 C238.15 0 256.3 0 275 0 C275 18.15 275 36.3 275 55 C293.15 55 311.3 55 330 55 C330 73.48 330 91.96 330 111 C350.97506661 117.99168887 371.95972897 120.57822504 392.38647461 110.51757812 C394.34252894 109.51507786 396.2891866 108.49607567 398.234375 107.47265625 C427.26405394 92.24032909 463.63711666 73.96454399 497.2421875 84.02734375 C521.27189288 92.50240981 538.74012258 109.09967044 549.9609375 131.95751953 C554.65858715 141.77445938 558.32378466 151.44087313 561 162 C561.94154671 165.35912718 562.89682775 168.69048324 564 172 C569.35756642 172.82424099 572.55257713 171.05059019 576.765625 168.00390625 C586.51786331 159.25758063 591.00377048 144.51017355 593.5 132 C595.31206198 123.52625353 599.78468747 118.15015216 606.828125 113.23828125 C610.69948517 111.03104892 614.69959894 110.06360187 619 109 C620.12921875 108.64808594 621.2584375 108.29617188 622.421875 107.93359375 C645.13812662 101.2809772 667.02427789 104.90741009 688 115 C689.24447103 115.57751435 690.48925546 116.15435392 691.734375 116.73046875 C699.47878512 120.42512729 706.261243
<truncated 45216 bytes>
78.17293417 261.12757424 76.92382874 299.3203125 84.9765625 C300.17931152 85.15106934 301.03831055 85.32557617 301.92333984 85.50537109 C356.00781109 96.70932839 408.61854425 121.18506265 454.3203125 151.9765625 C455.70174438 152.69259644 455.70174438 152.69259644 457.11108398 153.4230957 C460.83142601 157.72313518 459.93098349 162.69894008 459.80859375 168.1796875 C459.80355835 169.23720215 459.79852295 170.2947168 459.79333496 171.38427734 C459.76718842 175.33198177 459.69738122 179.27929955 459.6328125 183.2265625 C459.5296875 192.0540625 459.4265625 200.8815625 459.3203125 209.9765625 C477.1403125 209.9765625 494.9603125 209.9765625 513.3203125 209.9765625 C513.3203125 205.3565625 513.3203125 200.7365625 513.3203125 195.9765625 C517.60533274 198.11907262 521.21811794 200.65841639 525.0703125 203.4765625 C525.76769531 203.97542969 526.46507812 204.47429687 527.18359375 204.98828125 C527.84230469 205.46910156 528.50101563 205.94992187 529.1796875 206.4453125 C529.78264648 206.88294922 530.38560547 207.32058594 531.00683594 207.77148438 C531.65700684 208.36799805 531.65700684 208.36799805 532.3203125 208.9765625 C532.3203125 209.6365625 532.3203125 210.2965625 532.3203125 210.9765625 C526.3803125 210.9765625 520.4403125 210.9765625 514.3203125 210.9765625 C514.3203125 229.1265625 514.3203125 247.2765625 514.3203125 265.9765625 C532.1403125 265.9765625 549.9603125 265.9765625 568.3203125 265.9765625 C568.3203125 257.0665625 568.3203125 248.1565625 568.3203125 238.9765625 C572.44590579 238.9765625 572.93268369 239.0639061 575.98046875 241.36328125 C576.68316895 241.88374023 577.38586914 242.40419922 578.10986328 242.94042969 C578.85993652 243.50922852 579.61000977 244.07802734 580.3828125 244.6640625 C581.98395993 245.85257724 583.58688787 247.03869631 585.19140625 248.22265625 C586.02526855 248.83866699 586.85913086 249.45467773 587.71826172 250.08935547 C
<truncated 344150 bytes>

NOTE: The output was truncated because it was too long. Use a more targeted query or a smaller range to get the information you need.